#th	#max	min	sum	accSum	mean	accMean	median	sigma	binary	
1	0.0841	0.0846	0.0872	0.465	0.0828	0.465	0.164	0.123	0.0848	
2	0.0494	0.0568	0.0531	0.475	0.0494	0.464	0.0829	0.062	0.0444	
3	0.0569	0.052	0.0418	0.468	0.0384	0.463	0.0806	0.0685	0.0574	
4	0.0536	0.0532	0.046	0.464	0.0521	0.467	0.0735	0.0539	0.0504	
5	0.0456	0.0449	0.0438	0.462	0.0428	0.465	0.0682	0.0529	0.0457	
6	0.0386	0.0382	0.037	0.467	0.0359	0.467	0.0583	0.0438	0.0381	
7	0.0332	0.033	0.0317	0.463	0.0315	0.464	0.0516	0.0374	0.0335	
8	0.0293	0.0294	0.0287	0.462	0.0298	0.462	0.0469	0.0342	0.0297	
9	0.0333	0.033	0.0322	0.462	0.0326	0.466	0.0527	0.0403	0.0339	
10	0.0328	0.0322	0.033	0.484	0.0323	0.465	0.0551	0.042	0.0334	
